Lv28 - Strength 8/8
vs. Slime

Copper Edge-4 (Min: 23, Max: 30, Avg: 26.5167)

30, 29, 26, 23, 24,
29, 25, 29, 24, 24,

26, 27, 24, 28, 28,
24, 29, 26, 27, 29,

26, 23, 28, 25, 28,
23, 26, 28, 26, 29,

26, 25, 28, 24, 25,
28, 25, 28, 30, 25,

29, 25, 24, 23, 29,
28, 29, 26, 29, 28,

24, 24, 28, 28, 28,
23, 26, 29, 24, 30

Lv1 Water Cutter-4 (Min: 34, Max: 45, Avg: 39.5286) x1.5 = 39.7751

39, 43, 36, 45, 37,
40, 42, 42, 39, 40,

37, 39, 43, 36, 39,
43, 37, 36, 37, 43,

39, 42, 36, 39, 39,
40, 39, 37, 39, 36,

39, 40, 40, 43, 39,
37, 36, 42, 39, 43,

34, 37, 40, 36, 34,
43, 40, 37, 40, 42,

43, 43, 42, 37, 36,
37, 42, 34, 43, 39,

40, 43, 42, 43, 40,
42, 42, 34, 40, 34

Lv2 Water Cutter-5 (Min: 40, Max: 52, Avg: 45.5429) x1.75 = 46.4042

47, 47, 47, 50, 45,
45, 50, 50, 50, 42,

45, 50, 42, 49, 40,
47, 40, 47, 50, 50,

42, 40, 42, 42, 50,
45, 50, 40, 45, 43,

42, 50, 42, 49, 47,
45, 42, 45, 40, 43,

52, 49, 49, 49, 42,
42, 49, 45, 47, 49,

43, 47, 42, 47, 47,
40, 42, 49, 40, 43,

42, 52, 42, 45, 50,
45, 49, 42, 42, 49
















